function y = Torque2surface2(u)

k=[-0.8929         0    1.1468;
         0   -0.8929    1.1468;
    0.8929         0    1.1468;
         0    0.8929    1.1468];

y = k*u;    
     
     

% y = k*u;
